                       out_temp           room_temp        kitchen_temp       bathroom_temp       radiator_temp   balcony_temp_temp

1473618600: 1.4015770050e+01 2.3984229950e+01 2.2500000000e+01 2.6190000000e+01 2.1190000000e+01 1.6000000000e+01
1473618660: 1.4000000000e+01 2.4000000000e+01 2.2500000000e+01 2.6190000000e+01 2.1234078988e+01 1.6000000000e+01
1473618720: 1.4000000000e+01 2.4044460847e+01 2.2500000000e+01 2.6190000000e+01 2.1250000000e+01 1.6000000000e+01
1473618780: 1.4044322501e+01 2.4060000000e+01 2.2544322501e+01 2.6190000000e+01 2.1250000000e+01 1.5955677499e+01
1473618840: 1.4060000000e+01 2.4060000000e+01 2.2515777709e+01 2.6190000000e+01 2.1205777709e+01 1.5984222291e+01
1473618900: 1.4060000000e+01 2.4015905594e+01 2.2544094406e+01 2.6190000000e+01 2.1190000000e+01 1.6000000000e+01
1473618960: 1.4060000000e+01 2.3956088626e+01 2.2516088626e+01 2.6190000000e+01 2.1233911374e+01 1.6000000000e+01
1473619020: 1.4060000000e+01 2.3843005199e+01 2.2544766831e+01 2.6190000000e+01 2.1205233169e+01 1.6000000000e+01
1473619080: 1.4060000000e+01 2.3765343006e+01 2.2560000000e+01 2.6190000000e+01 2.1190000000e+01 1.6000000000e+01
1473619140: 1.4015437499e+01 2.3705437499e+01 2.2560000000e+01 2.6190000000e+01 2.1234562501e+01 1.6000000000e+01
1473619200: 1.4000000000e+01 2.3690000000e+01 2.2560000000e+01 2.6190000000e+01 2.1250000000e+01 1.6000000000e+01
1473619260: 1.4044135536e+01 2.3690000000e+01 2.2560000000e+01 2.6190000000e+01 2.1250000000e+01 1.6000000000e+01
1473619320: 1.4015957588e+01 2.3690000000e+01 2.2560000000e+01 2.6190000000e+01 2.1250000000e+01 1.6000000000e+01
1473619380: 1.4000000000e+01 2.3638741104e+01 2.2560000000e+01 2.6190000000e+01 2.1250000000e+01 1.6000000000e+01
1473619440: 1.4000000000e+01 2.3761939272e+01 2.2560000000e+01 2.6137706584e+01 2.1205177072e+01 1.6000000000e+01
1473619500: 1.4044699664e+01 2.3906849272e+01 2.2560000000e+01 2.6120000000e+01 2.1234699664e+01 1.5955300336e+01
1473619560: 1.4015504055e+01 2.3984495945e+01 2.2560000000e+01 2.6120000000e+01 2.1250000000e+01 1.5940000000e+01
1473619620: 1.4044060267e+01 2.3911879466e+01 2.2515939733e+01 2.6171403645e+01 2.1250000000e+01 1.5984060267e+01
1473619680: 1.4060000000e+01 2.3880000000e+01 2.2543945057e+01 2.6190000000e+01 2.1250000000e+01 1.6000000000e+01
1473619740: 1.4060000000e+01 2.3827728317e+01 2.2560000000e+01 2.6190000000e+01 2.1250000000e+01 1.6000000000e+01
1473619800: 1.4015311242e+01 2.3765311242e+01 2.2560000000e+01 2.6137863116e+01 2.1250000000e+01 1.6000000000e+01
1473619860: 1.4044424745e+01 2.3750000000e+01 2.2560000000e+01 2.6120000000e+01 2.1250000000e+01 1.6000000000e+01
1473619920: 1.4060000000e+01 2.3705702478e+01 2.2560000000e+01 2.6120000000e+01 2.1205702478e+01 1.6000000000e+01
1473619980: 1.4060000000e+01 2.3638438218e+01 2.2560000000e+01 2.6120000000e+01 2.1234195813e+01 1.6000000000e+01
1473620040: 1.4104064555e+01 2.3575935445e+01 2.2560000000e+01 2.6120000000e+01 2.1250000000e+01 1.5955935445e+01
1473620100: 1.4120000000e+01 2.3560000000e+01 2.2560000000e+01 2.6120000000e+01 2.1250000000e+01 1.5940000000e+01
1473620160: 1.4120000000e+01 2.3560000000e+01 2.2560000000e+01 2.6120000000e+01 2.1250000000e+01 1.5984791401e+01
1473620220: 1.4120000000e+01 2.3515343317e+01 2.2560000000e+01 2.6120000000e+01 2.1250000000e+01 1.5955343317e+01
1473620280: 1.4171884987e+01 2.3500000000e+01 2.2560000000e+01 2.6120000000e+01 2.1250000000e+01 1.5940000000e+01
1473620340: 1.4190000000e+01 2.3500000000e+01 2.2560000000e+01 2.6120000000e+01 2.1250000000e+01 1.5984343704e+01
1473620400: 1.4190000000e+01 2.3455778891e+01 2.2560000000e+01 2.6120000000e+01 2.1250000000e+01 1.5955778891e+01
1473620460: 1.4190000000e+01 2.3440000000e+01 2.2560000000e+01 2.6120000000e+01 2.1250000000e+01 1.5940000000e+01
1473620520: 1.4190000000e+01 2.3440000000e+01 2.2560000000e+01 2.6120000000e+01 2.1250000000e+01 1.5940000000e+01
1473620580: 1.4190000000e+01 2.3440000000e+01 2.2560000000e+01 2.6120000000e+01 2.1250000000e+01 1.5940000000e+01
1473620640: 1.4137960558e+01 2.3440000000e+01 2.2560000000e+01 2.6120000000e+01 2.1250000000e+01 1.5940000000e+01
1473620700: 1.4120000000e+01 2.3440000000e+01 2.2560000000e+01 2.6120000000e+01 2.1250000000e+01 1.5940000000e+01
1473620760: 1.4120000000e+01 2.3440000000e+01 2.2560000000e+01 2.6120000000e+01 2.1250000000e+01 1.5984288539e+01
1473620820: 1.4120000000e+01 2.3440000000e+01 2.2560000000e+01 2.6120000000e+01 2.1250000000e+01 1.5955874072e+01
1473620880: 1.4171351987e+01 2.3440000000e+01 2.2560000000e+01 2.6120000000e+01 2.1250000000e+01 1.5940000000e+01
1473620940: 1.4138802363e+01 2.3440000000e+01 2.2560000000e+01 2.6120000000e+01 2.1250000000e+01 1.5940000000e+01
1473621000: 1.4172150659e+01 2.3440000000e+01 2.2560000000e+01 2.6120000000e+01 2.1250000000e+01 1.5984700565e+01
1473621060: 1.4190000000e+01 2.3395463853e+01 2.2560000000e+01 2.6075463853e+01 2.1250000000e+01 1.5955463853e+01
1473621120: 1.4190000000e+01 2.3424417097e+01 2.2560000000e+01 2.6104417097e+01 2.1250000000e+01 1.5940000000e+01
1473621180: 1.4190000000e+01 2.3440000000e+01 2.2560000000e+01 2.6075725324e+01 2.1250000000e+01 1.5940000000e+01
1473621240: 1.4190000000e+01 2.3395876496e+01 2.2560000000e+01 2.6104123504e+01 2.1250000000e+01 1.5940000000e+01
1473621300: 1.4190000000e+01 2.3380000000e+01 2.2560000000e+01 2.6120000000e+01 2.1250000000e+01 1.5940000000e+01
1473621360: 1.4190000000e+01 2.3380000000e+01 2.2560000000e+01 2.6120000000e+01 2.1294800078e+01 1.5940000000e+01
1473621420: 1.4190000000e+01 2.3327867596e+01 2.2560000000e+01 2.6120000000e+01 2.1310000000e+01 1.5940000000e+01
1473621480: 1.4138016319e+01 2.3310000000e+01 2.2560000000e+01 2.6120000000e+01 2.1265442559e+01 1.5940000000e+01
1473621540: 1.4171863945e+01 2.3310000000e+01 2.2560000000e+01 2.6120000000e+01 2.1294454810e+01 1.5940000000e+01
1473621600: 1.4190000000e+01 2.3310000000e+01 2.2560000000e+01 2.6120000000e+01 2.1310000000e+01 1.5940000000e+01
1473621660: 1.4190000000e+01 2.3310000000e+01 2.2560000000e+01 2.6120000000e+01 2.1310000000e+01 1.5940000000e+01
1473621720: 1.4190000000e+01 2.3265955251e+01 2.2560000000e+01 2.6120000000e+01 2.1310000000e+01 1.5940000000e+01
1473621780: 1.4138760399e+01 2.3250000000e+01 2.2560000000e+01 2.6120000000e+01 2.1310000000e+01 1.5940000000e+01
1473621840: 1.4172237639e+01 2.3250000000e+01 2.2560000000e+01 2.6120000000e+01 2.1310000000e+01 1.5984775119e+01
1473621900: 1.4137841631e+01 2.3205292827e+01 2.2560000000e+01 2.6120000000e+01 2.1310000000e+01 1.5955292827e+01
1473621960: 1.4120000000e+01 2.3331116252e+01 2.2560000000e+01 2.6120000000e+01 2.1310000000e+01 1.5940000000e+01
1473622020: -nan -nan -nan -nan -nan -nan
1473622080: -nan -nan -nan -nan -nan -nan
1473622140: -nan -nan -nan -nan -nan -nan
1473622200: -nan -nan -nan -nan -nan -nan
